Walk down:
- 3, 3, 17, 29 
- 24, 3, 17, 29
- 45, 3, 17, 29
- 66, 3, 17, 29
- 87, 3, 17, 29
- 45, 3, 17, 29

WalkRight:
- 5, 36, 17, 29
- 27, 36, 17, 29
- 47, 36, 17, 29
- 67, 36, 17, 29
- 87, 36, 17, 29
- 47, 36, 17, 29

WalkUp:
- 4, 69, 17, 26
- 25, 69, 17, 26
- 45, 69, 17, 26
- 66, 69, 17, 26
- 88, 69, 17, 26
- 45, 69, 17, 26

WalkLeft:
- 5, 99, 15, 28
- 25, 99, 15, 28
- 45, 99, 15, 28
- 65, 99, 15, 28
- 87, 99, 15, 28

Idle:
- 113, 2, 17, 30
- 133, 2, 17, 30
- 153, 2, 17, 30

Celebrate:
- 177, 98, 15, 29
- 195, 98, 21, 29
- 219, 98, 19, 29

Die: 
- 1, 135, 17, 30
- 22, 135, 17, 30
- 44, 135, 21, 30
- 69, 135, 19, 30
- 93, 135, 21, 30
- 118, 135, 17, 30
- 139, 135, 26, 30
- 167, 135, 20, 30
- 191, 135, 17, 30
- 211, 135, 19, 30